1	4.77454e-05	1.18741e-07
2	0.186148	0.000499314
3	0.188878	0.00051535
4	0.192309	0.000512693
5	0.19237	0.00053604
6	0.190832	0.00056159
7	0.190632	0.000576016
8	3.62205e-05	1.0342e-07
9	0.189196	0.0006233
10	0.189675	0.000638939
11	2.89601e-05	9.24839e-08
12	0.190857	0.000651135
13	0.191318	0.000661877
14	0.19048	0.000671627
15	0.190194	0.000697385
16	2.23985e-05	8.13348e-08
17	0.188725	0.000743834
18	0.188716	0.000750427
19	0.188466	0.000750688
20	0.19028	0.000760458
21	0.190253	0.000796454
22	0.189367	0.000802487
23	0.189243	0.000805724
24	0.190482	0.000817346
25	0.187416	0.000827561
26	0.188238	0.000845294
27	0.188334	0.000870274
28	0.185734	0.000883676
29	0.186338	0.000898372
30	0.187502	0.000898307
31	0.188772	0.000913922
32	0.188758	0.000925186
33	0.188889	0.000933964
34	0.188716	0.0009679
35	0.187393	0.000987598
36	0.18551	0.000964196
37	0.187963	0.00100026
38	0.187335	0.000991904
39	0.188895	0.00101992
40	0.190195	0.00100835
41	0.184617	0.00105103
42	0.184783	0.00105641
43	0.18633	0.00107599
44	0.185863	0.00106995
45	0.187502	0.00107727
46	0.187231	0.00106388
47	0.187991	0.00108649
48	0.18846	0.00111097
49	0.184429	0.00114118
50	0.186983	0.00114334
51	0.188871	0.00117133
52	0.188114	0.00116539
53	0.183957	0.00118065
54	0.184858	0.00119177
55	7.6334e-06	4.74779e-08
56	0.186796	0.00122615
57	0.184196	0.00123233
58	0.184134	0.00123028
59	0.184694	0.00122674
60	0.185445	0.00124282
61	0.186038	0.00124988
62	0.18783	0.00126035
63	0.185554	0.00127635
64	0.192277	0.00133966
65	0.186457	0.00132948
66	0.182559	0.00131162
67	0.182168	0.00132639
68	0.183538	0.00132489
69	0.183731	0.00135254
70	0.188509	0.00136516
71	0.186096	0.00138333
72	0.183066	0.00140236
73	0.184725	0.00141213
74	0.185468	0.00140794
75	0.185309	0.00143276
76	0.185645	0.00140993
77	0.185175	0.00141734
78	5.6762e-06	4.09502e-08
79	0.186119	0.0014694
80	0.183884	0.001487
81	0.182286	0.00152272
82	0.184795	0.00151552
83	0.185897	0.0015473
84	0.186412	0.00155644
85	0.185384	0.00156419
86	0.186606	0.00154598
87	0.186498	0.00155094
88	0.186059	0.00157149
89	0.184136	0.00160967
90	0.184021	0.00160767
91	0.184874	0.00160311
92	0.186974	0.00161475
93	0.184878	0.00163462
94	0.184306	0.00163061
95	0.186491	0.0016707
96	0.184564	0.00163823
97	0.184666	0.00168669
98	0.182899	0.0016814
99	0.182056	0.00172472
100	0.185318	0.0017176
101	3.84057e-06	3.36797e-08
102	0.186812	0.00174975
103	0.18242	0.00176405
104	0.185139	0.00176837
105	0.182526	0.00176522
106	0.186066	0.00176165
107	0.182918	0.00175549
108	0.184626	0.00180699
109	0.183255	0.00183706
110	0.186708	0.00185369
111	0.185909	0.00187444
112	0.184306	0.00183978
113	0.182848	0.00182405
114	0.18518	0.00188572
115	0.182101	0.00187651
116	0.189576	0.00189637
117	0.185452	0.00188997
118	0.186114	0.00191839
119	0.183534	0.00195147
120	0.184775	0.00198145
121	0.185301	0.00199955
122	0.18908	0.00202889
123	0.184107	0.00202812
124	0.185533	0.00205365
125	0.182755	0.00202779
126	0.183323	0.00203247
127	0.186993	0.00210529
128	0.186563	0.0020671
129	2.63244e-06	2.78974e-08
130	2.60408e-06	2.77438e-08
131	0.182827	0.00210668
132	0.186946	0.00213085
133	0.186671	0.00216863
134	0.188557	0.002173
135	0.186264	0.00217527
136	0.187658	0.00218198
137	0.187293	0.00221007
138	0.187862	0.00217456
139	0.187086	0.00221492
140	0.183604	0.00216596
141	0.18663	0.00223911
142	2.30855e-06	2.61128e-08
143	0.182589	0.00221986
144	0.187564	0.00225284
145	0.188662	0.00229581
146	0.189991	0.00227723
147	0.185707	0.00228376
148	0.189988	0.00231321
149	0.187917	0.00227813
150	0.189951	0.00231458
151	0.185081	0.00231165
152	0.186732	0.00229791
153	0.191476	0.00235264
154	0.190334	0.00232766
155	2.05176e-06	2.46226e-08
156	0.18948	0.00236963
157	0.190919	0.00240483
158	0.188794	0.00238599
159	2.03393e-06	2.45212e-08
160	0.187115	0.00239145
161	0.190446	0.00241457
162	0.189961	0.00241457
163	0.190476	0.00242252
164	0.191958	0.00241848
165	0.18762	0.00242137
166	0.191619	0.0024169
167	0.19408	0.00245921
168	0.190543	0.00244528
169	0.192563	0.00247753
170	1.93574e-06	2.39087e-08
171	0.190783	0.00252366
172	0.188352	0.00248779
173	0.190695	0.00256852
174	0.185926	0.00252017
175	0.188171	0.00255149
176	0.187869	0.0025784
177	0.189082	0.00256111
178	0.188396	0.00255277
179	1.75335e-06	2.27547e-08
180	0.191391	0.00258557
181	0.189274	0.00257231
182	0.195294	0.0026418
183	0.194512	0.00267879
184	0.189224	0.00261663
185	0.193938	0.00268176
186	0.188876	0.0026409
187	0.188909	0.0026793
188	0.187587	0.00265255
189	0.188493	0.00269043
190	1.70451e-06	2.24477e-08
191	0.195205	0.00275273
192	0.190123	0.00270086
193	0.19152	0.00271958
194	1.6212e-06	2.18959e-08
195	0.191365	0.00274031
196	0.191825	0.00271822
197	0.195072	0.0027736
198	0.193724	0.0027704
199	0.189016	0.00277973
200	0.190565	0.00283208
201	0.191303	0.00282812
202	0.192165	0.00282368
203	0.190934	0.00279441
204	0.192196	0.00282766
205	0.192178	0.00287914
206	1.50997e-06	2.1115e-08
207	0.192521	0.00286816
208	0.187969	0.00284327
209	0.190351	0.0028719
210	0.197438	0.00290549
211	0.193599	0.00290846
212	1.48381e-06	2.09337e-08
213	0.189591	0.00294166
214	1.46437e-06	2.0799e-08
215	0.194468	0.00295619
216	0.195619	0.00297453
217	0.196579	0.00300259
218	0.188496	0.00294449
219	0.185071	0.00294078
220	0.189058	0.00298289
221	0.192101	0.00301825
222	0.194925	0.00302563
223	0.195274	0.0030559
224	0.191951	0.00302925
225	0.191614	0.00300709
226	1.34179e-06	1.99172e-08
227	0.188502	0.00300609
228	0.190867	0.00302151
229	0.19349	0.00304492
230	0.194346	0.00304423
231	0.201032	0.00313287
232	1.32897e-06	1.98209e-08
233	1.31218e-06	1.96956e-08
234	0.196764	0.00305112
235	0.186965	0.00304745
236	0.188217	0.00309736
237	0.186931	0.00316026
238	0.188528	0.00312845
239	1.17922e-06	1.86637e-08
240	1.16765e-06	1.85816e-08
241	1.20802e-06	1.88904e-08
242	0.190233	0.00311645
243	0.192375	0.0031871
244	0.195045	0.00317776
245	0.190404	0.00318001
246	1.2019e-06	1.88448e-08
247	0.193607	0.00319578
248	1.18327e-06	1.87021e-08
249	0.195092	0.00321494
250	1.22614e-06	1.90383e-08
251	1.17354e-06	1.86283e-08
252	0.190425	0.00318101
253	0.188508	0.00319353
254	0.189608	0.00322713
255	0.187814	0.0032692
256	0.187884	0.00327162
257	1.05819e-06	1.76878e-08
258	1.0741e-06	1.78168e-08
259	0.188285	0.00326934
260	1.09627e-06	1.80015e-08
261	0.185285	0.00323582
262	0.189316	0.00328876
263	0.18883	0.00333716
264	0.190511	0.00329829
265	0.190036	0.00330154
266	0.190505	0.00330272
267	1.06437e-06	1.77271e-08
268	0.193218	0.00337079
269	0.186546	0.00334212
270	0.190935	0.00334697
271	0.192889	0.00339418
272	0.198751	0.00345677
273	0.190986	0.00338671
274	0.183054	0.00328835
275	0.188612	0.00333394
276	0.185106	0.00338222
277	0.187401	0.00345751
278	0.181925	0.00339624
279	0.184983	0.0034255
280	0.184604	0.00344541
281	0.19218	0.00352055
282	0.184647	0.00342668
283	0.187234	0.00343993
284	0.186577	0.00344031
285	0.183605	0.00344155
286	0.187153	0.00350461
287	0.19161	0.00352713
288	0.185957	0.00347786
289	0.192672	0.00355795
290	0.190961	0.00355783
291	0.187515	0.00352389
292	0.187591	0.0035502
293	0.192784	0.00366767
294	0.188572	0.00356845
295	0.193778	0.00365005
296	0.188554	0.00357929
297	0.186744	0.00350865
298	0.192655	0.00360642
299	0.183712	0.00348707
300	0.184265	0.00351557
301	0.189346	0.00363498
302	0.186024	0.00356129
303	0.193832	0.00371069
304	0.195995	0.0037549
305	0.183921	0.00365251
306	0.188767	0.00367406
307	0.185172	0.00368114
308	8.45519e-07	1.58064e-08
309	0.185035	0.00369645
310	0.189432	0.00372813
311	0.190207	0.00375468
312	0.188722	0.00379761
313	8.29239e-07	1.56514e-08
314	0.190065	0.00374467
315	0.189431	0.00378001
316	0.189229	0.00376609
317	7.76569e-07	1.51466e-08
318	0.188354	0.0038211
319	0.189171	0.00383533
320	7.93217e-07	1.53094e-08
321	7.94691e-07	1.53271e-08
322	8.0876e-07	1.54592e-08
323	0.181948	0.00376683
324	0.186744	0.00377548
325	0.186114	0.00384357
326	0.191036	0.00393275
327	0.184269	0.0038718
328	0.146126	0.00340116
