# FINAL HIGH-STAT coherent eps_det table
# Broad coherent MC used for bins without dedicated MC
# 223-234: 224coh (monoenergetic at 224.186 MeV; documented proxy)
# 283-294: 294coh
# 319-330: 320coh
# 356-366: 366coh
# input: /media/daniele/LaCie/Output/Acqu_geant_He4pi0.root
# definition: eps_det(E_lab,theta_cm) = Nreco / Ngen_bin
# denominator: Ngen_bin = Ntagged_in_Ebin * DeltaOmega_cm/(4*pi), valid if MC was generated isotropically in CM
# reco selection: two neutral clusters E>20, veto<1, best pair 110 < mgg < 155 MeV
# applyMMCut = 1, MM cut = [-10,40] MeV
# E_low E_high E_center thetaCm_low thetaCm_high thetaCm_center DeltaOmega_sr Ngen_E Ngen_bin Nreco eps_det deps_det
201 210 205.5 5 10 7.5 0.0715463 9712 55.295 29 0.52446 0.0671594
201 210 205.5 10 15 12.5 0.118639 9712 91.6906 52 0.567124 0.0517438
201 210 205.5 15 20 17.5 0.164828 9712 127.388 69 0.54165 0.0441462
201 210 205.5 20 25 22.5 0.209763 9712 162.117 88 0.542819 0.0391253
201 210 205.5 25 30 27.5 0.253102 9712 195.611 125 0.639023 0.0343401
201 210 205.5 30 35 32.5 0.294514 9712 227.617 148 0.650215 0.0316102
201 210 205.5 35 40 37.5 0.333685 9712 257.891 159 0.616541 0.0302777
201 210 205.5 40 45 42.5 0.370316 9712 286.201 194 0.677845 0.0276224
201 210 205.5 45 50 47.5 0.404129 9712 312.334 210 0.672357 0.0265577
201 210 205.5 50 55 52.5 0.434867 9712 336.089 236 0.702194 0.0249441
201 210 205.5 55 60 57.5 0.462294 9712 357.287 250 0.699717 0.0242503
201 210 205.5 60 65 62.5 0.486204 9712 375.766 263 0.699904 0.0236424
201 210 205.5 65 70 67.5 0.506413 9712 391.384 305 0.779285 0.0209634
201 210 205.5 70 75 72.5 0.522768 9712 404.025 306 0.75738 0.0213263
201 210 205.5 75 80 77.5 0.535144 9712 413.59 336 0.812399 0.0191963
201 210 205.5 80 85 82.5 0.543448 9712 420.007 294 0.699988 0.0223607
201 210 205.5 85 90 87.5 0.547616 9712 423.228 329 0.777358 0.0202221
201 210 205.5 90 95 92.5 0.547616 9712 423.228 330 0.779721 0.0201451
201 210 205.5 95 100 97.5 0.543448 9712 420.007 323 0.769034 0.0205645
201 210 205.5 100 105 102.5 0.535144 9712 413.59 335 0.809981 0.0192908
201 210 205.5 105 110 107.5 0.522768 9712 404.025 333 0.824207 0.0189372
201 210 205.5 110 115 112.5 0.506413 9712 391.384 310 0.79206 0.0205138
201 210 205.5 115 120 117.5 0.486204 9712 375.766 256 0.681276 0.0240387
201 210 205.5 120 125 122.5 0.462294 9712 357.287 254 0.710913 0.0239836
201 210 205.5 125 130 127.5 0.434867 9712 336.089 236 0.702194 0.0249441
201 210 205.5 130 135 132.5 0.404129 9712 312.334 208 0.665954 0.026688
201 210 205.5 135 140 137.5 0.370316 9712 286.201 204 0.712785 0.0267453
201 210 205.5 140 145 142.5 0.333685 9712 257.891 184 0.713481 0.0281547
201 210 205.5 145 150 147.5 0.294514 9712 227.617 137 0.601888 0.0324458
211 222 216.5 5 10 7.5 0.0715463 12712 72.3754 25 0.345421 0.0558933
211 222 216.5 10 15 12.5 0.118639 12712 120.014 72 0.599932 0.0447201
211 222 216.5 15 20 17.5 0.164828 12712 166.738 69 0.413822 0.038142
211 222 216.5 20 25 22.5 0.209763 12712 212.194 120 0.56552 0.0340285
211 222 216.5 25 30 27.5 0.253102 12712 256.035 152 0.593669 0.0306946
211 222 216.5 30 35 32.5 0.294514 12712 297.927 174 0.584036 0.0285557
211 222 216.5 35 40 37.5 0.333685 12712 337.552 223 0.660639 0.0257717
211 222 216.5 40 45 42.5 0.370316 12712 374.608 244 0.651348 0.0246215
211 222 216.5 45 50 47.5 0.404129 12712 408.813 274 0.670234 0.0232517
211 222 216.5 50 55 52.5 0.434867 12712 439.906 289 0.656958 0.0226341
211 222 216.5 55 60 57.5 0.462294 12712 467.652 285 0.609428 0.0225606
211 222 216.5 60 65 62.5 0.486204 12712 491.838 336 0.683151 0.0209784
211 222 216.5 65 70 67.5 0.506413 12712 512.282 386 0.753492 0.0190415
211 222 216.5 70 75 72.5 0.522768 12712 528.826 370 0.699663 0.0199339
211 222 216.5 75 80 77.5 0.535144 12712 541.346 406 0.749982 0.0186112
211 222 216.5 80 85 82.5 0.543448 12712 549.746 416 0.756713 0.0182997
211 222 216.5 85 90 87.5 0.547616 12712 553.962 413 0.745539 0.0185057
211 222 216.5 90 95 92.5 0.547616 12712 553.962 429 0.774421 0.0177581
211 222 216.5 95 100 97.5 0.543448 12712 549.746 446 0.811284 0.0166882
211 222 216.5 100 105 102.5 0.535144 12712 541.346 397 0.733357 0.0190058
211 222 216.5 105 110 107.5 0.522768 12712 528.826 420 0.794212 0.0175801
211 222 216.5 110 115 112.5 0.506413 12712 512.282 392 0.765204 0.0187275
211 222 216.5 115 120 117.5 0.486204 12712 491.838 366 0.744147 0.0196749
211 222 216.5 120 125 122.5 0.462294 12712 467.652 375 0.801879 0.0184314
211 222 216.5 125 130 127.5 0.434867 12712 439.906 344 0.781985 0.0196862
211 222 216.5 130 135 132.5 0.404129 12712 408.813 275 0.67268 0.0232075
211 222 216.5 135 140 137.5 0.370316 12712 374.608 253 0.675373 0.0241922
211 222 216.5 140 145 142.5 0.333685 12712 337.552 218 0.645827 0.0260313
211 222 216.5 145 150 147.5 0.294514 12712 297.927 190 0.63774 0.0278469
223 234 228.5 5 10 7.5 0.0715463 1e+06 5693.47 2265 0.397824 0.00648662
223 234 228.5 10 15 12.5 0.118639 1e+06 9440.96 3928 0.416059 0.00507287
223 234 228.5 15 20 17.5 0.164828 1e+06 13116.6 6044 0.46079 0.00435231
223 234 228.5 20 25 22.5 0.209763 1e+06 16692.4 8277 0.495854 0.00386986
223 234 228.5 25 30 27.5 0.253102 1e+06 20141.2 10631 0.527824 0.00351766
223 234 228.5 30 35 32.5 0.294514 1e+06 23436.7 13582 0.579519 0.00322447
223 234 228.5 35 40 37.5 0.333685 1e+06 26553.8 16351 0.615769 0.00298498
223 234 228.5 40 45 42.5 0.370316 1e+06 29468.8 19364 0.657101 0.00276514
223 234 228.5 45 50 47.5 0.404129 1e+06 32159.6 21854 0.679549 0.00260217
223 234 228.5 50 55 52.5 0.434867 1e+06 34605.6 24706 0.713931 0.00242935
223 234 228.5 55 60 57.5 0.462294 1e+06 36788.2 26653 0.724498 0.00232931
223 234 228.5 60 65 62.5 0.486204 1e+06 38690.9 28650 0.740485 0.00222862
223 234 228.5 65 70 67.5 0.506413 1e+06 40299.1 30528 0.757536 0.0021349
223 234 228.5 70 75 72.5 0.522768 1e+06 41600.5 31749 0.763187 0.00208434
223 234 228.5 75 80 77.5 0.535144 1e+06 42585.4 32696 0.767774 0.00204617
223 234 228.5 80 85 82.5 0.543448 1e+06 43246.2 33690 0.779028 0.00199513
223 234 228.5 85 90 87.5 0.547616 1e+06 43577.9 33875 0.777344 0.00199292
223 234 228.5 90 95 92.5 0.547616 1e+06 43577.9 33439 0.767339 0.00202406
223 234 228.5 95 100 97.5 0.543448 1e+06 43246.2 33386 0.771998 0.00201745
223 234 228.5 100 105 102.5 0.535144 1e+06 42585.4 33283 0.781558 0.00200225
223 234 228.5 105 110 107.5 0.522768 1e+06 41600.5 31877 0.766264 0.00207493
223 234 228.5 110 115 112.5 0.506413 1e+06 40299.1 30739 0.762772 0.00211901
223 234 228.5 115 120 117.5 0.486204 1e+06 38690.9 29147 0.75333 0.00219153
223 234 228.5 120 125 122.5 0.462294 1e+06 36788.2 27272 0.741324 0.00228311
223 234 228.5 125 130 127.5 0.434867 1e+06 34605.6 25317 0.731587 0.00238211
223 234 228.5 130 135 132.5 0.404129 1e+06 32159.6 22819 0.709555 0.00253145
223 234 228.5 135 140 137.5 0.370316 1e+06 29468.8 20312 0.689271 0.0026959
223 234 228.5 140 145 142.5 0.333685 1e+06 26553.8 17182 0.647064 0.00293264
223 234 228.5 145 150 147.5 0.294514 1e+06 23436.7 14385 0.613781 0.00318035
235 246 240.5 5 10 7.5 0.0715463 12914 73.5255 20 0.272014 0.0518965
235 246 240.5 10 15 12.5 0.118639 12914 121.921 49 0.401901 0.0444025
235 246 240.5 15 20 17.5 0.164828 12914 169.388 75 0.442771 0.038165
235 246 240.5 20 25 22.5 0.209763 12914 215.566 107 0.496368 0.034054
235 246 240.5 25 30 27.5 0.253102 12914 260.103 127 0.488267 0.030994
235 246 240.5 30 35 32.5 0.294514 12914 302.661 157 0.518732 0.0287201
235 246 240.5 35 40 37.5 0.333685 12914 342.916 210 0.612395 0.0263097
235 246 240.5 40 45 42.5 0.370316 12914 380.56 242 0.635904 0.0246656
235 246 240.5 45 50 47.5 0.404129 12914 415.309 289 0.695868 0.022574
235 246 240.5 50 55 52.5 0.434867 12914 446.897 292 0.653395 0.0225114
235 246 240.5 55 60 57.5 0.462294 12914 475.083 387 0.814594 0.0178298
235 246 240.5 60 65 62.5 0.486204 12914 499.654 376 0.752521 0.0193061
235 246 240.5 65 70 67.5 0.506413 12914 520.422 394 0.757078 0.0187986
235 246 240.5 70 75 72.5 0.522768 12914 537.229 416 0.774343 0.0180348
235 246 240.5 75 80 77.5 0.535144 12914 549.948 419 0.76189 0.0181624
235 246 240.5 80 85 82.5 0.543448 12914 558.482 421 0.75383 0.0182285
235 246 240.5 85 90 87.5 0.547616 12914 562.765 439 0.780077 0.0174598
235 246 240.5 90 95 92.5 0.547616 12914 562.765 424 0.753423 0.018169
235 246 240.5 95 100 97.5 0.543448 12914 558.482 440 0.78785 0.0172997
235 246 240.5 100 105 102.5 0.535144 12914 549.948 443 0.80553 0.0168774
235 246 240.5 105 110 107.5 0.522768 12914 537.229 431 0.802264 0.0171839
235 246 240.5 110 115 112.5 0.506413 12914 520.422 390 0.749392 0.0189965
235 246 240.5 115 120 117.5 0.486204 12914 499.654 377 0.754522 0.0192534
235 246 240.5 120 125 122.5 0.462294 12914 475.083 308 0.648308 0.0219072
235 246 240.5 125 130 127.5 0.434867 12914 446.897 311 0.695911 0.0217608
235 246 240.5 130 135 132.5 0.404129 12914 415.309 277 0.666973 0.0231264
235 246 240.5 135 140 137.5 0.370316 12914 380.56 274 0.719991 0.0230164
235 246 240.5 140 145 142.5 0.333685 12914 342.916 215 0.626976 0.0261156
235 246 240.5 145 150 147.5 0.294514 12914 302.661 160 0.528644 0.0286931
247 258 252.5 5 10 7.5 0.0715463 9451 53.809 21 0.390269 0.0665003
247 258 252.5 10 15 12.5 0.118639 9451 89.2265 22 0.246563 0.045629
247 258 252.5 15 20 17.5 0.164828 9451 123.965 37 0.298471 0.0410984
247 258 252.5 20 25 22.5 0.209763 9451 157.76 78 0.494422 0.0398056
247 258 252.5 25 30 27.5 0.253102 9451 190.354 87 0.457042 0.036106
247 258 252.5 30 35 32.5 0.294514 9451 221.5 110 0.496614 0.0335949
247 258 252.5 35 40 37.5 0.333685 9451 250.96 136 0.541919 0.0314511
247 258 252.5 40 45 42.5 0.370316 9451 278.51 163 0.585257 0.0295218
247 258 252.5 45 50 47.5 0.404129 9451 303.94 210 0.690925 0.0265065
247 258 252.5 50 55 52.5 0.434867 9451 327.057 240 0.733816 0.0244384
247 258 252.5 55 60 57.5 0.462294 9451 347.685 263 0.756431 0.0230199
247 258 252.5 60 65 62.5 0.486204 9451 365.667 260 0.711029 0.0237043
247 258 252.5 65 70 67.5 0.506413 9451 380.866 275 0.722038 0.0229555
247 258 252.5 70 75 72.5 0.522768 9451 393.167 305 0.775752 0.0210347
247 258 252.5 75 80 77.5 0.535144 9451 402.475 323 0.802534 0.019843
247 258 252.5 80 85 82.5 0.543448 9451 408.72 303 0.741339 0.0216601
247 258 252.5 85 90 87.5 0.547616 9451 411.854 310 0.752693 0.0212596
247 258 252.5 90 95 92.5 0.547616 9451 411.854 333 0.808538 0.0193874
247 258 252.5 95 100 97.5 0.543448 9451 408.72 294 0.719319 0.0222256
247 258 252.5 100 105 102.5 0.535144 9451 402.475 262 0.650972 0.0237597
247 258 252.5 105 110 107.5 0.522768 9451 393.167 274 0.696905 0.0231786
247 258 252.5 110 115 112.5 0.506413 9451 380.866 246 0.645896 0.0245053
247 258 252.5 115 120 117.5 0.486204 9451 365.667 234 0.639926 0.0251025
247 258 252.5 120 125 122.5 0.462294 9451 347.685 268 0.770812 0.0225412
247 258 252.5 125 130 127.5 0.434867 9451 327.057 239 0.730759 0.0245271
247 258 252.5 130 135 132.5 0.404129 9451 303.94 216 0.710666 0.0260099
247 258 252.5 135 140 137.5 0.370316 9451 278.51 171 0.613982 0.0291717
247 258 252.5 140 145 142.5 0.333685 9451 250.96 172 0.685368 0.0293131
247 258 252.5 145 150 147.5 0.294514 9451 221.5 155 0.699774 0.0307975
259 270 264.5 5 10 7.5 0.0715463 13014 74.0949 19 0.256428 0.0507283
259 270 264.5 10 15 12.5 0.118639 13014 122.865 32 0.260449 0.0395942
259 270 264.5 15 20 17.5 0.164828 13014 170.699 55 0.322204 0.0357683
259 270 264.5 20 25 22.5 0.209763 13014 217.235 98 0.451124 0.0337614
259 270 264.5 25 30 27.5 0.253102 13014 262.117 110 0.419659 0.0304819
259 270 264.5 30 35 32.5 0.294514 13014 305.005 147 0.481959 0.028611
259 270 264.5 35 40 37.5 0.333685 13014 345.571 196 0.567177 0.026653
259 270 264.5 40 45 42.5 0.370316 13014 383.507 236 0.615373 0.0248429
259 270 264.5 45 50 47.5 0.404129 13014 418.525 273 0.652291 0.0232792
259 270 264.5 50 55 52.5 0.434867 13014 450.357 305 0.67724 0.0220309
259 270 264.5 55 60 57.5 0.462294 13014 478.762 348 0.726875 0.0203634
259 270 264.5 60 65 62.5 0.486204 13014 503.523 393 0.780501 0.0184456
259 270 264.5 65 70 67.5 0.506413 13014 524.452 425 0.81037 0.0171176
259 270 264.5 70 75 72.5 0.522768 13014 541.39 380 0.701898 0.0196591
259 270 264.5 75 80 77.5 0.535144 13014 554.207 377 0.680251 0.0198108
259 270 264.5 80 85 82.5 0.543448 13014 562.806 412 0.732046 0.018669
259 270 264.5 85 90 87.5 0.547616 13014 567.122 420 0.740581 0.0184056
259 270 264.5 90 95 92.5 0.547616 13014 567.122 393 0.692972 0.0193691
259 270 264.5 95 100 97.5 0.543448 13014 562.806 421 0.748037 0.0183
259 270 264.5 100 105 102.5 0.535144 13014 554.207 404 0.72897 0.0188811
259 270 264.5 105 110 107.5 0.522768 13014 541.39 400 0.73884 0.0188788
259 270 264.5 110 115 112.5 0.506413 13014 524.452 387 0.737913 0.0192031
259 270 264.5 115 120 117.5 0.486204 13014 503.523 349 0.693116 0.0205532
259 270 264.5 120 125 122.5 0.462294 13014 478.762 351 0.733141 0.0202151
259 270 264.5 125 130 127.5 0.434867 13014 450.357 307 0.681681 0.0219504
259 270 264.5 130 135 132.5 0.404129 13014 418.525 276 0.659459 0.0231642
259 270 264.5 135 140 137.5 0.370316 13014 383.507 270 0.704028 0.0233095
259 270 264.5 140 145 142.5 0.333685 13014 345.571 219 0.633733 0.0259169
259 270 264.5 145 150 147.5 0.294514 13014 305.005 171 0.560647 0.0284183
271 282 276.5 5 10 7.5 0.0715463 12542 71.4075 15 0.210062 0.0482057
271 282 276.5 10 15 12.5 0.118639 12542 118.409 33 0.278696 0.0412034
271 282 276.5 15 20 17.5 0.164828 12542 164.508 45 0.273542 0.0347555
271 282 276.5 20 25 22.5 0.209763 12542 209.356 69 0.329582 0.0324871
271 282 276.5 25 30 27.5 0.253102 12542 252.611 106 0.419618 0.0310497
271 282 276.5 30 35 32.5 0.294514 12542 293.943 139 0.472881 0.0291205
271 282 276.5 35 40 37.5 0.333685 12542 333.038 197 0.591525 0.0269354
271 282 276.5 40 45 42.5 0.370316 12542 369.598 211 0.57089 0.0257452
271 282 276.5 45 50 47.5 0.404129 12542 403.346 256 0.634692 0.0239758
271 282 276.5 50 55 52.5 0.434867 12542 434.023 297 0.684295 0.0223103
271 282 276.5 55 60 57.5 0.462294 12542 461.398 319 0.691377 0.0215047
271 282 276.5 60 65 62.5 0.486204 12542 485.261 333 0.686229 0.0210646
271 282 276.5 65 70 67.5 0.506413 12542 505.431 366 0.724135 0.0198805
271 282 276.5 70 75 72.5 0.522768 12542 521.754 368 0.705313 0.019959
271 282 276.5 75 80 77.5 0.535144 12542 534.107 400 0.748914 0.0187635
271 282 276.5 80 85 82.5 0.543448 12542 542.394 403 0.743002 0.018763
271 282 276.5 85 90 87.5 0.547616 12542 546.554 456 0.834319 0.0159033
271 282 276.5 90 95 92.5 0.547616 12542 546.554 402 0.735518 0.0188659
271 282 276.5 95 100 97.5 0.543448 12542 542.394 415 0.765126 0.0182023
271 282 276.5 100 105 102.5 0.535144 12542 534.107 380 0.711469 0.0196047
271 282 276.5 105 110 107.5 0.522768 12542 521.754 395 0.757062 0.018775
271 282 276.5 110 115 112.5 0.506413 12542 505.431 398 0.787447 0.0181976
271 282 276.5 115 120 117.5 0.486204 12542 485.261 332 0.684168 0.0211019
271 282 276.5 120 125 122.5 0.462294 12542 461.398 358 0.775903 0.0194126
271 282 276.5 125 130 127.5 0.434867 12542 434.023 291 0.670471 0.0225621
271 282 276.5 130 135 132.5 0.404129 12542 403.346 243 0.602461 0.0243678
271 282 276.5 135 140 137.5 0.370316 12542 369.598 225 0.608769 0.025385
271 282 276.5 140 145 142.5 0.333685 12542 333.038 198 0.594527 0.0269042
271 282 276.5 145 150 147.5 0.294514 12542 293.943 167 0.568138 0.0288914
283 294 288.5 5 10 7.5 0.0715463 992863 5652.84 953 0.168588 0.00497953
283 294 288.5 10 15 12.5 0.118639 992863 9373.58 1980 0.211232 0.00421601
283 294 288.5 15 20 17.5 0.164828 992863 13023 3575 0.274515 0.00391058
283 294 288.5 20 25 22.5 0.209763 992863 16573.3 5727 0.345556 0.00369395
283 294 288.5 25 30 27.5 0.253102 992863 19997.4 8027 0.401401 0.00346633
283 294 288.5 30 35 32.5 0.294514 992863 23269.4 11105 0.477236 0.00327436
283 294 288.5 35 40 37.5 0.333685 992863 26364.3 14278 0.541566 0.00306871
283 294 288.5 40 45 42.5 0.370316 992863 29258.5 17728 0.605909 0.00285677
283 294 288.5 45 50 47.5 0.404129 992863 31930.1 20348 0.637268 0.00269063
283 294 288.5 50 55 52.5 0.434867 992863 34358.6 23096 0.672204 0.00253241
283 294 288.5 55 60 57.5 0.462294 992863 36525.7 25379 0.694827 0.00240942
283 294 288.5 60 65 62.5 0.486204 992863 38414.7 27114 0.705823 0.0023249
283 294 288.5 65 70 67.5 0.506413 992863 40011.4 28704 0.717395 0.00225101
283 294 288.5 70 75 72.5 0.522768 992863 41303.6 29625 0.717249 0.00221586
283 294 288.5 75 80 77.5 0.535144 992863 42281.5 31097 0.735475 0.00214507
283 294 288.5 80 85 82.5 0.543448 992863 42937.6 31524 0.734182 0.00213194
283 294 288.5 85 90 87.5 0.547616 992863 43266.9 31735 0.733471 0.00212562
283 294 288.5 90 95 92.5 0.547616 992863 43266.9 31469 0.727323 0.00214097
283 294 288.5 95 100 97.5 0.543448 992863 42937.6 31696 0.738188 0.00212158
283 294 288.5 100 105 102.5 0.535144 992863 42281.5 30839 0.729373 0.00216065
283 294 288.5 105 110 107.5 0.522768 992863 41303.6 30261 0.732647 0.00217769
283 294 288.5 110 115 112.5 0.506413 992863 40011.4 28998 0.724743 0.0022329
283 294 288.5 115 120 117.5 0.486204 992863 38414.7 27694 0.720921 0.00228854
283 294 288.5 120 125 122.5 0.462294 992863 36525.7 25769 0.705504 0.00238501
283 294 288.5 125 130 127.5 0.434867 992863 34358.6 24041 0.699708 0.00247293
283 294 288.5 130 135 132.5 0.404129 992863 31930.1 21525 0.67413 0.00262298
283 294 288.5 135 140 137.5 0.370316 992863 29258.5 18787 0.642104 0.00280256
283 294 288.5 140 145 142.5 0.333685 992863 26364.3 15823 0.600168 0.00301694
283 294 288.5 145 150 147.5 0.294514 992863 23269.4 12709 0.546168 0.00326376
295 308 301.5 5 10 7.5 0.0715463 15975 90.9532 11 0.120941 0.0341891
295 308 301.5 10 15 12.5 0.118639 15975 150.819 28 0.185653 0.0316612
295 308 301.5 15 20 17.5 0.164828 15975 209.538 55 0.262483 0.0303952
295 308 301.5 20 25 22.5 0.209763 15975 266.661 99 0.371257 0.0295865
295 308 301.5 25 30 27.5 0.253102 15975 321.756 119 0.369846 0.0269135
295 308 301.5 30 35 32.5 0.294514 15975 374.401 175 0.467413 0.0257856
295 308 301.5 35 40 37.5 0.333685 15975 424.197 201 0.473836 0.0242432
295 308 301.5 40 45 42.5 0.370316 15975 470.765 274 0.582032 0.0227323
295 308 301.5 45 50 47.5 0.404129 15975 513.749 328 0.638444 0.021197
295 308 301.5 50 55 52.5 0.434867 15975 552.824 368 0.665673 0.0200642
295 308 301.5 55 60 57.5 0.462294 15975 587.692 388 0.66021 0.0195376
295 308 301.5 60 65 62.5 0.486204 15975 618.087 422 0.682752 0.01872
295 308 301.5 65 70 67.5 0.506413 15975 643.777 470 0.730066 0.0174961
295 308 301.5 70 75 72.5 0.522768 15975 664.569 452 0.68014 0.0180929
295 308 301.5 75 80 77.5 0.535144 15975 680.302 476 0.699689 0.0175747
295 308 301.5 80 85 82.5 0.543448 15975 690.858 482 0.697683 0.0174729
295 308 301.5 85 90 87.5 0.547616 15975 696.156 516 0.741213 0.0165993
295 308 301.5 90 95 92.5 0.547616 15975 696.156 497 0.71392 0.0171283
295 308 301.5 95 100 97.5 0.543448 15975 690.858 486 0.703473 0.0173765
295 308 301.5 100 105 102.5 0.535144 15975 680.302 496 0.729088 0.0170394
295 308 301.5 105 110 107.5 0.522768 15975 664.569 500 0.752368 0.0167436
295 308 301.5 110 115 112.5 0.506413 15975 643.777 476 0.739386 0.0173008
295 308 301.5 115 120 117.5 0.486204 15975 618.087 428 0.69246 0.018562
295 308 301.5 120 125 122.5 0.462294 15975 587.692 407 0.69254 0.0190345
295 308 301.5 125 130 127.5 0.434867 15975 552.824 398 0.719939 0.0190977
295 308 301.5 130 135 132.5 0.404129 15975 513.749 376 0.731874 0.0195439
295 308 301.5 135 140 137.5 0.370316 15975 470.765 287 0.609647 0.0224836
295 308 301.5 140 145 142.5 0.333685 15975 424.197 260 0.612923 0.0236493
295 308 301.5 145 150 147.5 0.294514 15975 374.401 203 0.542199 0.0257483
309 318 313.5 5 10 7.5 0.0715463 12580 71.6239 8 0.111695 0.0372193
309 318 313.5 10 15 12.5 0.118639 12580 118.767 14 0.117878 0.0295891
309 318 313.5 15 20 17.5 0.164828 12580 165.007 46 0.278776 0.034907
309 318 313.5 20 25 22.5 0.209763 12580 209.991 57 0.271441 0.0306881
309 318 313.5 25 30 27.5 0.253102 12580 253.376 98 0.386777 0.0305954
309 318 313.5 30 35 32.5 0.294514 12580 294.833 142 0.481628 0.0290997
309 318 313.5 35 40 37.5 0.333685 12580 334.047 188 0.562795 0.0271403
309 318 313.5 40 45 42.5 0.370316 12580 370.718 228 0.615023 0.0252721
309 318 313.5 45 50 47.5 0.404129 12580 404.568 268 0.662436 0.0235101
309 318 313.5 50 55 52.5 0.434867 12580 435.338 278 0.638584 0.023025
309 318 313.5 55 60 57.5 0.462294 12580 462.796 350 0.756273 0.0199571
309 318 313.5 60 65 62.5 0.486204 12580 486.731 311 0.638956 0.0217706
309 318 313.5 65 70 67.5 0.506413 12580 506.962 326 0.643046 0.0212784
309 318 313.5 70 75 72.5 0.522768 12580 523.335 356 0.680253 0.0203868
309 318 313.5 75 80 77.5 0.535144 12580 535.725 342 0.638388 0.0207584
309 318 313.5 80 85 82.5 0.543448 12580 544.037 368 0.676424 0.0200578
309 318 313.5 85 90 87.5 0.547616 12580 548.21 371 0.676748 0.0199761
309 318 313.5 90 95 92.5 0.547616 12580 548.21 381 0.69499 0.0196641
309 318 313.5 95 100 97.5 0.543448 12580 544.037 387 0.711348 0.0194274
309 318 313.5 100 105 102.5 0.535144 12580 535.725 418 0.780251 0.01789
309 318 313.5 105 110 107.5 0.522768 12580 523.335 417 0.796813 0.0175888
309 318 313.5 110 115 112.5 0.506413 12580 506.962 365 0.719975 0.019942
309 318 313.5 115 120 117.5 0.486204 12580 486.731 305 0.626629 0.0219246
309 318 313.5 120 125 122.5 0.462294 12580 462.796 326 0.704414 0.021211
309 318 313.5 125 130 127.5 0.434867 12580 435.338 294 0.675337 0.0224421
309 318 313.5 130 135 132.5 0.404129 12580 404.568 242 0.59817 0.0243746
309 318 313.5 135 140 137.5 0.370316 12580 370.718 231 0.623115 0.025169
309 318 313.5 140 145 142.5 0.333685 12580 334.047 203 0.607699 0.0267147
309 318 313.5 145 150 147.5 0.294514 12580 294.833 142 0.481628 0.0290997
319 330 324.5 5 10 7.5 0.0715463 984993 5608.03 309 0.0550996 0.00304693
319 330 324.5 10 15 12.5 0.118639 984993 9299.28 1066 0.114632 0.00330363
319 330 324.5 15 20 17.5 0.164828 984993 12919.8 2337 0.180886 0.00338647
319 330 324.5 20 25 22.5 0.209763 984993 16441.9 4456 0.271015 0.00346641
319 330 324.5 25 30 27.5 0.253102 984993 19838.9 7033 0.354505 0.00339624
319 330 324.5 30 35 32.5 0.294514 984993 23085 10025 0.434265 0.00326227
319 330 324.5 35 40 37.5 0.333685 984993 26155.3 13418 0.513013 0.0030906
319 330 324.5 40 45 42.5 0.370316 984993 29026.6 16951 0.583982 0.00289306
319 330 324.5 45 50 47.5 0.404129 984993 31677 19387 0.612022 0.00273789
319 330 324.5 50 55 52.5 0.434867 984993 34086.3 22327 0.655015 0.00257476
319 330 324.5 55 60 57.5 0.462294 984993 36236.1 24302 0.670656 0.0024689
319 330 324.5 60 65 62.5 0.486204 984993 38110.2 26134 0.685748 0.00237794
319 330 324.5 65 70 67.5 0.506413 984993 39694.3 27534 0.693651 0.00231374
319 330 324.5 70 75 72.5 0.522768 984993 40976.2 28275 0.690034 0.00228468
319 330 324.5 75 80 77.5 0.535144 984993 41946.4 30039 0.716129 0.00220145
319 330 324.5 80 85 82.5 0.543448 984993 42597.2 30192 0.708779 0.00220129
319 330 324.5 85 90 87.5 0.547616 984993 42923.9 30438 0.709115 0.00219214
319 330 324.5 90 95 92.5 0.547616 984993 42923.9 30109 0.701451 0.0022088
319 330 324.5 95 100 97.5 0.543448 984993 42597.2 30173 0.708333 0.00220228
319 330 324.5 100 105 102.5 0.535144 984993 41946.4 29547 0.7044 0.002228
319 330 324.5 105 110 107.5 0.522768 984993 40976.2 28733 0.701211 0.00226121
319 330 324.5 110 115 112.5 0.506413 984993 39694.3 28054 0.706752 0.00228501
319 330 324.5 115 120 117.5 0.486204 984993 38110.2 26405 0.692858 0.00236304
319 330 324.5 120 125 122.5 0.462294 984993 36236.1 24877 0.686525 0.00243702
319 330 324.5 125 130 127.5 0.434867 984993 34086.3 23101 0.677722 0.00253135
319 330 324.5 130 135 132.5 0.404129 984993 31677 20575 0.649526 0.00268074
319 330 324.5 135 140 137.5 0.370316 984993 29026.6 18226 0.627907 0.0028371
319 330 324.5 140 145 142.5 0.333685 984993 26155.3 15079 0.576518 0.00305523
319 330 324.5 145 150 147.5 0.294514 984993 23085 11866 0.514014 0.00328954
331 342 336.5 5 10 7.5 0.0715463 12827 73.0302 3 0.0410789 0.0232247
331 342 336.5 10 15 12.5 0.118639 12827 121.099 6 0.0495461 0.0197197
331 342 336.5 15 20 17.5 0.164828 12827 168.247 25 0.148591 0.0274216
331 342 336.5 20 25 22.5 0.209763 12827 214.114 49 0.22885 0.0287093
331 342 336.5 25 30 27.5 0.253102 12827 258.351 94 0.363846 0.0299319
331 342 336.5 30 35 32.5 0.294514 12827 300.622 122 0.405825 0.0283215
331 342 336.5 35 40 37.5 0.333685 12827 340.606 150 0.440392 0.026899
331 342 336.5 40 45 42.5 0.370316 12827 377.997 214 0.566143 0.0254913
331 342 336.5 45 50 47.5 0.404129 12827 412.511 226 0.547864 0.0245049
331 342 336.5 50 55 52.5 0.434867 12827 443.886 288 0.648815 0.0226565
331 342 336.5 55 60 57.5 0.462294 12827 471.882 316 0.669658 0.0216517
331 342 336.5 60 65 62.5 0.486204 12827 496.288 364 0.733445 0.0198477
331 342 336.5 65 70 67.5 0.506413 12827 516.916 369 0.713849 0.0198788
331 342 336.5 70 75 72.5 0.522768 12827 533.61 373 0.699012 0.0198566
331 342 336.5 75 80 77.5 0.535144 12827 546.243 384 0.702983 0.019551
331 342 336.5 80 85 82.5 0.543448 12827 554.719 404 0.728296 0.0188871
331 342 336.5 85 90 87.5 0.547616 12827 558.973 404 0.722754 0.0189336
331 342 336.5 90 95 92.5 0.547616 12827 558.973 403 0.720965 0.018971
331 342 336.5 95 100 97.5 0.543448 12827 554.719 400 0.721086 0.0190411
331 342 336.5 100 105 102.5 0.535144 12827 546.243 374 0.684677 0.0198805
331 342 336.5 105 110 107.5 0.522768 12827 533.61 381 0.714004 0.0195622
331 342 336.5 110 115 112.5 0.506413 12827 516.916 364 0.704176 0.0200746
331 342 336.5 115 120 117.5 0.486204 12827 496.288 335 0.675012 0.0210244
331 342 336.5 120 125 122.5 0.462294 12827 471.882 336 0.712042 0.0208449
331 342 336.5 125 130 127.5 0.434867 12827 443.886 267 0.601506 0.0232378
331 342 336.5 130 135 132.5 0.404129 12827 412.511 275 0.666649 0.0232104
331 342 336.5 135 140 137.5 0.370316 12827 377.997 220 0.582016 0.025369
331 342 336.5 140 145 142.5 0.333685 12827 340.606 193 0.566638 0.0268505
331 342 336.5 145 150 147.5 0.294514 12827 300.622 169 0.562167 0.0286139
343 355 349 5 10 7.5 0.0715463 15495 88.2204 2 0.0226705 0.0158477
343 355 349 10 15 12.5 0.118639 15495 146.288 9 0.0615226 0.0198667
343 355 349 15 20 17.5 0.164828 15495 203.242 22 0.108245 0.0217932
343 355 349 20 25 22.5 0.209763 15495 258.649 67 0.259038 0.0272411
343 355 349 25 30 27.5 0.253102 15495 312.088 108 0.346057 0.0269281
343 355 349 30 35 32.5 0.294514 15495 363.151 146 0.402036 0.0257292
343 355 349 35 40 37.5 0.333685 15495 411.451 199 0.483654 0.0246365
343 355 349 40 45 42.5 0.370316 15495 456.62 264 0.578162 0.0231111
343 355 349 45 50 47.5 0.404129 15495 498.313 292 0.585977 0.0220649
343 355 349 50 55 52.5 0.434867 15495 536.214 349 0.65086 0.0205861
343 355 349 55 60 57.5 0.462294 15495 570.033 351 0.615753 0.0203732
343 355 349 60 65 62.5 0.486204 15495 599.515 377 0.628842 0.0197311
343 355 349 65 70 67.5 0.506413 15495 624.434 456 0.730261 0.017761
343 355 349 70 75 72.5 0.522768 15495 644.601 406 0.629847 0.0190179
343 355 349 75 80 77.5 0.535144 15495 659.861 483 0.731972 0.0172429
343 355 349 80 85 82.5 0.543448 15495 670.1 477 0.711834 0.0174961
343 355 349 85 90 87.5 0.547616 15495 675.239 438 0.648659 0.0183715
343 355 349 90 95 92.5 0.547616 15495 675.239 463 0.685683 0.0178656
343 355 349 95 100 97.5 0.543448 15495 670.1 490 0.731234 0.0171256
343 355 349 100 105 102.5 0.535144 15495 659.861 456 0.691054 0.0179875
343 355 349 105 110 107.5 0.522768 15495 644.601 438 0.679491 0.0183809
343 355 349 110 115 112.5 0.506413 15495 624.434 411 0.658196 0.0189812
343 355 349 115 120 117.5 0.486204 15495 599.515 431 0.718914 0.0183594
343 355 349 120 125 122.5 0.462294 15495 570.033 386 0.677153 0.0195836
343 355 349 125 130 127.5 0.434867 15495 536.214 373 0.695618 0.0198713
343 355 349 130 135 132.5 0.404129 15495 498.313 324 0.650194 0.0213641
343 355 349 135 140 137.5 0.370316 15495 456.62 263 0.575972 0.0231271
343 355 349 140 145 142.5 0.333685 15495 411.451 228 0.554136 0.0245047
343 355 349 145 150 147.5 0.294514 15495 363.151 181 0.498415 0.0262376
356 366 361 5 10 7.5 0.0715463 1.03534e+06 5894.65 47 0.00797333 0.00115838
356 366 361 10 15 12.5 0.118639 1.03534e+06 9774.56 307 0.0314081 0.00176418
356 366 361 15 20 17.5 0.164828 1.03534e+06 13580.1 1510 0.111192 0.00269768
356 366 361 20 25 22.5 0.209763 1.03534e+06 17282.2 3659 0.21172 0.00310757
356 366 361 25 30 27.5 0.253102 1.03534e+06 20852.9 6385 0.306193 0.00319179
356 366 361 30 35 32.5 0.294514 1.03534e+06 24264.8 9750 0.401816 0.00314733
356 366 361 35 40 37.5 0.333685 1.03534e+06 27492.1 13276 0.482903 0.00301378
356 366 361 40 45 42.5 0.370316 1.03534e+06 30510.1 16954 0.555685 0.00284471
356 366 361 45 50 47.5 0.404129 1.03534e+06 33295.9 20038 0.601815 0.00268274
356 366 361 50 55 52.5 0.434867 1.03534e+06 35828.4 22590 0.630506 0.00254997
356 366 361 55 60 57.5 0.462294 1.03534e+06 38088.1 24730 0.649284 0.00244512
356 366 361 60 65 62.5 0.486204 1.03534e+06 40058 26303 0.656623 0.00237246
356 366 361 65 70 67.5 0.506413 1.03534e+06 41723 28024 0.671667 0.00229904
356 366 361 70 75 72.5 0.522768 1.03534e+06 43070.5 29001 0.673338 0.00225983
356 366 361 75 80 77.5 0.535144 1.03534e+06 44090.2 30379 0.689019 0.00220451
356 366 361 80 85 82.5 0.543448 1.03534e+06 44774.3 30784 0.687537 0.00219045
356 366 361 85 90 87.5 0.547616 1.03534e+06 45117.7 30732 0.681152 0.00219402
356 366 361 90 95 92.5 0.547616 1.03534e+06 45117.7 30612 0.678492 0.00219885
356 366 361 95 100 97.5 0.543448 1.03534e+06 44774.3 30908 0.690306 0.00218511
356 366 361 100 105 102.5 0.535144 1.03534e+06 44090.2 30026 0.681013 0.00221969
356 366 361 105 110 107.5 0.522768 1.03534e+06 43070.5 29327 0.680907 0.00224601
356 366 361 110 115 112.5 0.506413 1.03534e+06 41723 28114 0.673825 0.00229515
356 366 361 115 120 117.5 0.486204 1.03534e+06 40058 26723 0.667108 0.00235454
356 366 361 120 125 122.5 0.462294 1.03534e+06 38088.1 25371 0.666113 0.00241646
356 366 361 125 130 127.5 0.434867 1.03534e+06 35828.4 23503 0.655988 0.0025097
356 366 361 130 135 132.5 0.404129 1.03534e+06 33295.9 21275 0.638967 0.00263219
356 366 361 135 140 137.5 0.370316 1.03534e+06 30510.1 18130 0.594229 0.00281122
356 366 361 140 145 142.5 0.333685 1.03534e+06 27492.1 15301 0.55656 0.00299619
356 366 361 145 150 147.5 0.294514 1.03534e+06 24264.8 11908 0.490752 0.00320928
367 378 372.5 5 10 7.5 0.0715463 15525 88.3912 0 0 0
367 378 372.5 10 15 12.5 0.118639 15525 146.571 3 0.0204679 0.0116956
367 378 372.5 15 20 17.5 0.164828 15525 203.635 23 0.112947 0.0221812
367 378 372.5 20 25 22.5 0.209763 15525 259.15 45 0.173645 0.0235309
367 378 372.5 25 30 27.5 0.253102 15525 312.692 114 0.364576 0.0272187
367 378 372.5 30 35 32.5 0.294514 15525 363.854 109 0.29957 0.0240142
367 378 372.5 35 40 37.5 0.333685 15525 412.248 183 0.443908 0.0244704
367 378 372.5 40 45 42.5 0.370316 15525 457.504 229 0.500543 0.0233761
367 378 372.5 45 50 47.5 0.404129 15525 499.278 307 0.614888 0.0217781
367 378 372.5 50 55 52.5 0.434867 15525 537.252 343 0.638434 0.0207283
367 378 372.5 55 60 57.5 0.462294 15525 571.137 355 0.621567 0.020294
367 378 372.5 60 65 62.5 0.486204 15525 600.676 392 0.652598 0.0194276
367 378 372.5 65 70 67.5 0.506413 15525 625.643 433 0.692088 0.0184557
367 378 372.5 70 75 72.5 0.522768 15525 645.849 398 0.616244 0.0191355
367 378 372.5 75 80 77.5 0.535144 15525 661.139 439 0.664006 0.0183698
367 378 372.5 80 85 82.5 0.543448 15525 671.398 436 0.649392 0.0184151
367 378 372.5 85 90 87.5 0.547616 15525 676.546 468 0.691749 0.0177533
367 378 372.5 90 95 92.5 0.547616 15525 676.546 450 0.665143 0.0181442
367 378 372.5 95 100 97.5 0.543448 15525 671.398 489 0.728332 0.017167
367 378 372.5 100 105 102.5 0.535144 15525 661.139 455 0.688206 0.0180155
367 378 372.5 105 110 107.5 0.522768 15525 645.849 463 0.716886 0.0177272
367 378 372.5 110 115 112.5 0.506413 15525 625.643 440 0.703277 0.0182632
367 378 372.5 115 120 117.5 0.486204 15525 600.676 369 0.614308 0.0198606
367 378 372.5 120 125 122.5 0.462294 15525 571.137 361 0.632072 0.0201788
367 378 372.5 125 130 127.5 0.434867 15525 537.252 302 0.56212 0.0214044
367 378 372.5 130 135 132.5 0.404129 15525 499.278 348 0.697007 0.0205667
367 378 372.5 135 140 137.5 0.370316 15525 457.504 254 0.555187 0.0232333
367 378 372.5 140 145 142.5 0.333685 15525 412.248 214 0.519105 0.0246078
367 378 372.5 145 150 147.5 0.294514 15525 363.854 201 0.552419 0.0260679
379 390 384.5 5 10 7.5 0.0715463 15362 87.4631 0 0 0
379 390 384.5 10 15 12.5 0.118639 15362 145.032 1 0.00689503 0.00687121
379 390 384.5 15 20 17.5 0.164828 15362 201.497 13 0.064517 0.0173069
379 390 384.5 20 25 22.5 0.209763 15362 256.429 34 0.13259 0.021178
379 390 384.5 25 30 27.5 0.253102 15362 309.409 93 0.300573 0.0260663
379 390 384.5 30 35 32.5 0.294514 15362 360.034 156 0.433292 0.0261155
379 390 384.5 35 40 37.5 0.333685 15362 407.919 185 0.453521 0.0246489
379 390 384.5 40 45 42.5 0.370316 15362 452.7 243 0.536779 0.0234362
379 390 384.5 45 50 47.5 0.404129 15362 494.036 315 0.637606 0.0216266
379 390 384.5 50 55 52.5 0.434867 15362 531.611 325 0.611349 0.0211411
379 390 384.5 55 60 57.5 0.462294 15362 565.141 376 0.665321 0.0198496
379 390 384.5 60 65 62.5 0.486204 15362 594.369 373 0.627556 0.0198303
379 390 384.5 65 70 67.5 0.506413 15362 619.074 418 0.675202 0.0188214
379 390 384.5 70 75 72.5 0.522768 15362 639.068 407 0.636865 0.0190232
379 390 384.5 75 80 77.5 0.535144 15362 654.197 419 0.640479 0.0187612
379 390 384.5 80 85 82.5 0.543448 15362 664.348 446 0.671335 0.0182242
379 390 384.5 85 90 87.5 0.547616 15362 669.443 470 0.702076 0.0176762
379 390 384.5 90 95 92.5 0.547616 15362 669.443 434 0.6483 0.0184551
379 390 384.5 95 100 97.5 0.543448 15362 664.348 443 0.666819 0.0182872
379 390 384.5 100 105 102.5 0.535144 15362 654.197 452 0.690923 0.0180673
379 390 384.5 105 110 107.5 0.522768 15362 639.068 395 0.618088 0.0192191
379 390 384.5 110 115 112.5 0.506413 15362 619.074 419 0.676817 0.018797
379 390 384.5 115 120 117.5 0.486204 15362 594.369 416 0.699902 0.0187985
379 390 384.5 120 125 122.5 0.462294 15362 565.141 398 0.70425 0.0191976
379 390 384.5 125 130 127.5 0.434867 15362 531.611 315 0.592539 0.021311
379 390 384.5 130 135 132.5 0.404129 15362 494.036 322 0.651775 0.0214338
379 390 384.5 135 140 137.5 0.370316 15362 452.7 277 0.611884 0.0229039
379 390 384.5 140 145 142.5 0.333685 15362 407.919 229 0.561385 0.0245689
379 390 384.5 145 150 147.5 0.294514 15362 360.034 173 0.48051 0.026331
391 401 396 5 10 7.5 0.0715463 12521 71.288 0 0 0
391 401 396 10 15 12.5 0.118639 12521 118.21 0 0 0
391 401 396 15 20 17.5 0.164828 12521 164.233 10 0.0608891 0.0186594
391 401 396 20 25 22.5 0.209763 12521 209.006 32 0.153106 0.0249076
391 401 396 25 30 27.5 0.253102 12521 252.188 68 0.26964 0.0279447
391 401 396 30 35 32.5 0.294514 12521 293.451 95 0.323734 0.027314
391 401 396 35 40 37.5 0.333685 12521 332.48 170 0.511309 0.0274142
391 401 396 40 45 42.5 0.370316 12521 368.979 177 0.479702 0.0260082
391 401 396 45 50 47.5 0.404129 12521 402.67 247 0.613405 0.0242676
391 401 396 50 55 52.5 0.434867 12521 433.297 283 0.653132 0.022866
391 401 396 55 60 57.5 0.462294 12521 460.625 288 0.625237 0.0225542
391 401 396 60 65 62.5 0.486204 12521 484.448 306 0.631646 0.0219152
391 401 396 65 70 67.5 0.506413 12521 504.585 319 0.632203 0.0214667
391 401 396 70 75 72.5 0.522768 12521 520.88 340 0.652741 0.0208607
391 401 396 75 80 77.5 0.535144 12521 533.212 371 0.695783 0.0199241
391 401 396 80 85 82.5 0.543448 12521 541.486 372 0.686999 0.0199277
391 401 396 85 90 87.5 0.547616 12521 545.639 375 0.687268 0.0198471
391 401 396 90 95 92.5 0.547616 12521 545.639 353 0.646948 0.0204598
391 401 396 95 100 97.5 0.543448 12521 541.486 324 0.598354 0.0210672
391 401 396 100 105 102.5 0.535144 12521 533.212 379 0.710786 0.0196349
391 401 396 105 110 107.5 0.522768 12521 520.88 354 0.679618 0.0204455
391 401 396 110 115 112.5 0.506413 12521 504.585 334 0.661931 0.0210592
391 401 396 115 120 117.5 0.486204 12521 484.448 329 0.679123 0.021209
391 401 396 120 125 122.5 0.462294 12521 460.625 284 0.616553 0.022655
391 401 396 125 130 127.5 0.434867 12521 433.297 252 0.581588 0.0236983
391 401 396 130 135 132.5 0.404129 12521 402.67 258 0.640723 0.0239098
391 401 396 135 140 137.5 0.370316 12521 368.979 197 0.533905 0.0259698
391 401 396 140 145 142.5 0.333685 12521 332.48 184 0.553417 0.0272643
391 401 396 145 150 147.5 0.294514 12521 293.451 131 0.446412 0.0290198
